3;2;0               
3;4;0               
3;20;-210           
3;48;0              
3;50;-18            
3;51;0              
3;52;0              
3;54;0              
3;55;0              
3;56;0              
3;65;174            
3;66;-10            
3;67;-1090          
3;69;35             
3;71;27             
3;72;0              
3;73;782            
3;74;24             
3;75;73             
3;76;12             
3;77;0              
3;78;0              
3;79;44             
3;80;38             
3;81;25             
3;82;4              
3;83;0              
3;84;67             
3;85;80             
3;86;43             
3;87;0              
3;89;15             
3;90;-2             
3;91;8              
3;92;79             
3;93;33             
3;94;133            
3;95;3              
3;96;276            
3;97;22             
3;98;18             
3;99;28             
3;100;21            
3;101;28            
3;102;15            
3;104;-35           
3;106;270           
3;109;0             
3;113;-4            
3;114;1             
3;115;1             
3;116;35            
3;117;0             
3;118;0             
3;119;0             
3;120;0             
3;121;0             
3;122;0             
3;123;34            
3;124;38            
3;125;0             
3;126;0             
3;127;11            
3;128;35            
3;131;0             
3;132;4             
3;133;10            
3;134;14            
3;135;12            
3;136;11            
3;137;12            
3;138;-420          
3;139;8             
3;140;1             
3;141;0             
3;142;12            
3;143;8             
3;144;-1            
3;145;0             
3;146;15            
3;147;69            
3;148;55            
3;149;20            
3;150;7             
3;151;2             
3;152;0             
3;153;4             
3;154;16            
3;155;54            
3;156;0             
3;157;0             
3;158;4             
3;159;0             
3;160;0             
3;161;115           
3;162;7             
3;163;0             
3;164;0             
3;165;4             
3;166;0             
3;167;96            
3;168;3             
3;169;83            
3;170;0             
3;171;0             
3;172;7             
3;173;7             
3;174;625           
3;175;-252          
3;176;70            
3;178;12            
3;179;11            
3;180;20            
3;181;47            
3;182;12            
3;183;10            
3;184;-2            
3;185;50            
3;186;558           
3;188;37            
3;189;5             
3;190;2             
3;191;2             
3;192;2             
3;193;39            
3;194;49            
3;195;5             
3;196;37            
3;197;24            
3;198;3             
3;199;154           
3;200;34            
3;201;60            
3;204;52            
3;206;0             
3;207;0             
3;209;0             
3;210;0             
3;211;38            
3;212;53            
3;213;56            
3;214;20            
3;216;12            
3;217;50            
3;218;70            
3;220;24            
3;221;0             
3;222;1             
3;223;0             
3;224;0             
3;225;0             
3;226;0             
3;227;0             
3;228;0             
3;229;0             
3;230;0             
3;231;-2            
3;232;0             
3;233;-1            
3;234;20            
3;235;0             
3;236;0             
3;237;0             
3;238;0             
3;239;0             
3;240;0             
3;241;0             
3;242;2             
3;243;-72           
3;244;5             
3;245;9             
3;246;0             
3;247;20            
3;248;0             
3;249;0             
3;250;0             
3;251;0             
3;252;29            
3;253;0             
3;254;0             
3;255;0             
3;256;0             
3;257;0             
3;258;18            
3;260;45            
3;261;5             
3;262;10            
3;263;0             
3;264;0             
3;265;0             
3;266;2             
3;267;-2            
3;268;0             
3;269;43            
3;270;0             
3;271;0             
3;272;0             
3;274;0             
3;275;116           
3;276;77            
3;279;0             
3;280;0             
3;281;0             
3;282;0             
3;283;19            
3;284;22            
3;285;0             
3;286;16            
3;287;3             
3;288;3             
3;289;0             
3;290;4             
3;291;0             
3;292;0             
3;293;0             
3;294;75            
3;296;-4            
3;297;34            
3;298;0             
3;299;-2            
3;300;0             
3;301;25            
3;302;0             
3;303;0             
3;305;0             
3;306;0             
3;307;4             
3;308;0             
3;309;0             
3;310;0             
3;312;0             
3;313;-15           
3;314;-12           
3;315;0             
3;316;0             
3;317;-23           
3;318;51            
3;319;2             
3;320;0             
3;321;6             
3;322;9             
3;323;2             
3;324;0             
3;325;26            
3;326;1             
3;327;0             
3;328;-1            
3;329;2             
3;333;7             
3;335;16            
3;337;45            
3;338;1             
3;340;0             
3;344;0             
3;349;28            
3;350;7             
3;351;0             
3;352;0             
3;353;0             
3;354;0             
3;355;0             
3;356;1             
3;357;3             
3;358;0             
3;359;131           
3;360;95            
3;361;3             
3;362;88            
3;363;53            
3;364;5             
3;365;1             
3;366;0             
3;367;0             
3;369;43            
3;370;7             
3;371;0             
3;372;0             
3;373;0             
3;374;0             
3;376;0             
3;381;134           
3;383;0             
3;384;0             
3;385;35            
3;386;0             
3;387;0             
3;388;-3            
3;389;0             
3;390;101           
3;391;177           
3;392;0             
3;394;16            
3;395;21            
3;398;24            
3;399;2             
3;400;1             
3;401;15            
3;402;-7            
3;403;38            
3;404;0             
3;406;0             
3;407;63            
3;408;-1            
3;409;-68           
3;410;0             
3;412;0             
3;413;0             
3;414;0             
3;415;0             
3;416;2             
3;417;0             
3;418;0             
3;420;0             
3;421;35            
3;422;0             
3;424;0             
3;425;0             
3;426;0             
3;427;0             
3;428;0             
3;429;0             
3;430;0             
3;431;1             
3;432;3             
3;433;138           
3;434;3             
3;435;0             
3;436;19            
3;438;-4            
3;440;0             
3;441;0             
3;442;54            
3;443;9             
3;444;0             
3;445;75            
3;446;87            
3;447;156           
3;448;7             
3;451;43            
3;453;12            
3;454;0             
3;455;0             
3;464;0             
3;465;0             
3;466;0             
3;467;0             
3;468;0             
3;471;5             
3;480;29            
3;482;0             
3;485;0             
3;500;48            
3;501;3             
3;503;43            
3;504;0             
3;505;0             
3;506;0             
3;507;0             
3;508;0             
3;509;0             
3;510;0             
3;512;1             
3;513;0             
3;514;0             
3;518;24            
3;520;9             
3;521;0             
3;522;0             
3;525;0             
3;526;0             
3;527;0             
3;529;0             
3;530;3             
3;531;9             
3;537;0             
3;540;1             
3;541;30            
3;542;-1            
3;543;8             
3;544;0             
3;545;0             
3;546;0             
3;547;0             
3;570;0             
3;571;0             
3;572;0             
3;573;0             
3;574;0             
3;575;0             
3;581;6             
3;582;1             
3;590;33            
3;591;1             
3;592;10            
3;593;7             
3;594;3             
3;595;33            
3;596;5             
3;597;2             
3;598;15            
3;600;5             
3;601;0             
3;602;0             
3;603;2             
3;604;38            
3;605;33            
3;610;0             
3;611;0             
3;612;0             
3;613;0             
3;614;0             
3;615;0             
3;616;0             
3;620;0             
3;621;0             
3;622;10            
3;630;39            
3;633;8             
3;634;0             
3;635;0             
3;636;0             
3;637;61            
3;638;50            
3;639;1             
3;640;0             
3;641;0             
3;642;0             
3;644;0             
3;645;0             
3;648;0             
3;654;-4            
3;660;3             
3;662;0             
3;663;0             
3;669;0             
3;670;0             
3;671;60            
3;675;0             
3;676;0             
3;680;0             
3;683;1             
3;684;0             
3;685;0             
3;686;0             
3;687;0             
3;688;8             
3;689;0             
3;690;0             
3;691;0             
3;692;0             
3;694;2             
3;695;3             
3;696;0             
3;697;0             
3;698;0             
3;699;0             
3;700;16            
3;701;0             
3;702;3             
3;703;74            
3;704;-6            
3;706;-18           
3;707;-7            
3;708;5             
3;709;4             
3;710;0             
3;711;-8            
3;712;0             
3;713;19            
3;714;9             
3;715;14            
3;716;-4            
3;717;0             
3;718;11            
3;719;12            
3;720;42            
3;721;5             
3;722;6             
3;723;21            
3;724;35            
3;725;24            
3;726;22            
3;728;0             
3;729;0             
3;730;0             
3;731;-19           
3;732;10            
3;733;1             
3;734;4             
3;736;-3            
3;739;16            
3;741;0             
3;742;11            
3;743;0             
3;744;109           
3;745;0             
3;746;1             
3;747;9             
3;748;0             
3;749;0             
3;750;0             
3;751;-2            
3;752;9             
3;753;1             
3;754;19            
3;755;43            
3;756;12            
3;757;10            
3;759;2             
3;760;0             
3;761;16            
3;763;0             
3;764;0             
3;766;35            
3;767;5             
3;768;67            
3;769;86            
3;770;2             
3;771;22            
3;772;-2            
3;773;52            
3;774;1             
3;775;0             
3;779;0             
3;780;17            
3;781;30            
3;782;0             
3;783;75            
3;784;23            
3;785;26            
3;786;1             
3;787;25            
3;788;6             
3;789;6             
3;790;149           
3;791;27            
3;792;28            
3;793;40            
3;794;93            
3;796;44            
3;797;3             
3;798;3             
3;799;-20           
3;800;-173          
3;801;23            
3;802;5             
3;803;9             
3;804;17            
3;805;35            
3;806;149           
3;807;16            
3;808;2             
3;809;30            
3;810;81            
3;811;13            
3;814;-1            
3;815;116           
3;816;36            
3;817;10            
3;818;2             
3;819;0             
3;820;55            
3;821;14            
3;822;5             
3;823;7             
3;824;6             
3;825;20            
3;826;2             
3;827;0             
3;828;0             
3;829;22            
3;830;6             
3;831;-8            
3;832;82            
3;833;45            
3;834;7             
3;835;0             
3;836;0             
3;837;3             
3;838;21            
3;839;24            
3;840;53            
3;841;63            
3;842;12            
3;843;17            
3;844;9             
3;845;6             
3;846;0             
3;847;24            
3;848;34            
3;849;17            
3;850;27            
3;851;6             
3;852;186           
3;853;0             
3;854;35            
3;855;11            
3;856;5             
3;857;11            
3;858;48            
3;859;0             
3;860;109           
3;861;3             
3;862;2             
3;863;-8            
3;864;0             
3;865;6             
3;866;2             
3;867;0             
3;868;39            
3;869;5             
3;870;29            
3;871;32            
3;872;-1            
3;873;62            
3;874;34            
3;875;-3            
3;876;20            
3;877;57            
3;879;30            
3;880;2             
3;881;0             
3;882;-3            
3;883;7             
3;884;0             
3;885;16            
3;886;93            
3;887;-66           
3;888;-103          
3;889;-41           
3;890;54            
3;891;-426          
3;892;-1038         
3;893;159           
3;894;0             
3;895;-29           
3;896;-128          
3;897;18            
3;898;17            
3;899;71            
3;900;-41           
3;901;0             
3;902;3             
3;903;0             
3;904;3             
3;905;1             
3;906;3             
3;908;0             
3;910;0             
3;912;10            
3;913;12            
3;914;5             
3;915;0             
3;916;5             
3;917;14            
3;918;0             
3;920;8             
3;921;10            
3;922;12            
3;923;9             
3;924;11            
3;925;0             
3;926;3             
3;927;21            
3;928;24            
3;929;0             
3;930;11            
3;931;7             
3;932;8             
3;933;50            
3;934;7             
3;935;-2            
3;937;3             
3;938;5             
3;939;4             
3;942;2             
3;944;-1            
3;945;16            
3;946;2             
3;947;9             
3;948;10            
3;949;6             
3;951;1             
3;952;11            
3;953;13            
3;967;22            
3;968;16            
3;969;0             
3;975;1             
3;977;0             
3;982;0             
3;983;0             
3;984;0             
3;985;10            
3;986;0             
3;989;10            
3;990;1             
3;1103;18           
3;1104;34           
3;1105;43           
3;1106;42           
3;1149;96           
3;1151;6            
3;1152;1            
3;1157;0            
3;1158;1            
3;1168;60           
3;1169;45           
3;1175;43           
3;1176;56           
3;1177;30           
3;1178;14           
3;1179;9            
3;1180;48           
3;1181;1            
3;1182;1            
3;1183;417          
3;1184;19           
3;1188;2            
3;1191;0            
3;1195;426          
3;1197;115          
3;1206;68           
3;1207;2            
3;1208;98           
3;1209;0            
3;1210;0            
3;1212;0            
3;1213;-9           
3;1220;-39          
3;1225;2            
3;1229;2            
3;1230;5            
3;1231;2            
3;1232;2            
3;1233;0            
3;1234;0            
3;1236;0            
3;1237;0            
3;1239;0            
3;1248;32           
3;1250;1            
3;1251;0            
3;1252;24           
3;1302;0            
3;1303;12           
3;1306;0            
3;1309;0            
3;1311;15           
3;1315;6            
3;1317;0            
3;1319;12           
3;1324;19           
3;1325;50           
3;1328;0            
3;1329;76           
3;1331;0            
3;1332;3            
3;1333;5            
3;1336;5            
3;1337;0            
3;1338;-56          
3;1339;0            
3;1340;0            
3;1341;7            
3;1342;0            
3;1343;0            
3;1345;0            
3;1347;2            
3;1348;0            
3;1358;6            
3;1359;6            
3;1360;8            
3;1361;32           
3;1362;30           
3;1415;4            
3;1416;0            
3;1460;0            
3;1479;0            
3;1493;0            
3;1506;0            
3;1508;0            
3;1512;0            
3;1551;0            
3;1560;33           
3;1564;0            
3;1568;0            
3;1571;12           
3;1578;0            
3;1583;0            
3;1585;0            
3;1586;0            
3;1587;1            
3;1588;0            
3;1589;1            
3;1590;-1           
3;1591;-1           
3;1592;0            
3;1593;0            
3;1594;0            
3;1595;0            
3;1596;0            
3;1597;-2           
3;1598;2            
3;1600;0            
3;1601;0            
3;1602;0            
3;1603;0            
3;1604;0            
3;1605;-1           
3;1606;1            
3;1607;7            
3;1608;10           
3;1609;-4           
3;1610;11           
3;1611;-1           
3;1612;0            
3;1613;13           
3;1614;10           
3;1615;-1           
3;1616;0            
3;1617;-4           
3;1618;8            
3;1621;-3           
3;1622;0            
3;1623;0            
3;1624;0            
3;1625;2            
3;1626;0            
3;1627;3            
3;1628;0            
3;1631;12           
3;1632;8            
3;1633;4            
3;1634;6            
3;1635;0            
3;1638;0            
3;1640;44           
3;1641;44           
3;1642;22           
3;1643;29           
3;1644;14           
3;1645;5            
3;1657;0            
3;1660;0            
3;1663;0            
3;1664;-1           
3;1666;0            
3;1671;0            
3;1672;0            
3;1700;8            
3;1701;0            
3;1702;0            
3;1703;0            
3;1704;0            
3;1706;194          
3;1707;-5           
3;1708;0            
3;1709;0            
3;1710;0            
3;1720;0            
3;1723;0            
3;1725;0            
3;1726;1            
3;1727;0            
3;1729;11           
3;1730;-556         
3;1732;15           
3;1733;0            
3;1736;3            
3;1740;3            
3;1741;23           
3;1742;-1           
3;1743;0            
3;1745;-3           
3;1746;0            
3;1750;5            
3;1751;30           
3;1752;0            
3;1753;0            
3;1755;-17          
3;1756;0            
3;1762;0            
3;1767;36           
3;1768;0            
3;1770;270          
3;1772;24           
3;1773;33           
3;1774;1            
3;1775;0            
3;1776;30           
3;1777;-2           
3;1778;18           
3;1779;0            
3;1786;0            
3;1787;0            
3;1788;-54          
3;1789;2            
3;1790;9            
3;1791;0            
3;1792;0            
3;1794;0            
3;1801;0            
3;1802;17           
3;1803;44           
3;1805;2            
3;1806;35           
3;1807;0            
3;1809;7            
3;1810;4            
3;1811;18           
3;1812;0            
3;1813;15           
3;1814;24           
3;1816;7            
3;1820;15           
3;1822;0            
3;1823;1            
3;1824;60           
3;1825;48           
3;1826;63           
3;1827;0            
3;1828;229          
3;1829;0            
3;1830;6            
3;1831;-33          
3;1832;297          
3;1833;141          
3;1834;217          
3;1835;320          
3;1836;83           
3;1837;47           
3;1838;141          
3;1839;-3           
3;1840;38           
3;1841;25           
3;1842;1            
3;1843;14           
3;1844;3            
3;1845;7            
3;1846;0            
3;1847;17           
3;1848;-2           
3;1849;0            
3;1850;0            
3;1851;0            
3;1852;7            
3;1853;26           
3;1854;33           
3;1855;23           
3;1856;-4           
3;1863;-6           
3;1865;-6           
3;1868;-1           
3;1870;0            
3;1871;0            
3;1872;0            
3;1873;10           
3;1874;22           
3;1875;15           
3;1876;16           
3;1877;24           
3;1878;18           
3;1879;29           
3;1880;14           
3;1881;16           
3;1886;0            
3;1887;22           
3;1888;-10          
3;1889;7            
3;1890;190          
3;1891;164          
3;1892;8            
3;1893;12           
3;1894;9            
3;1895;15           
3;1896;37           
3;1897;13           
3;1898;8            
3;1899;12           
3;1901;0            
3;1903;1            
3;1910;0            
3;1911;17           
3;1913;9            
3;1921;-1           
3;1922;0            
3;1925;21           
3;1935;-1           
3;1936;16           
3;1937;29           
3;1938;0            
3;1939;0            
3;1940;15           
3;1941;11           
3;1942;0            
3;1943;0            
3;1944;-103         
3;1947;8            
3;1948;16           
3;1949;19           
3;1951;18           
3;1952;14           
3;1953;6            
3;1955;12           
3;1956;29           
3;1957;0            
3;1958;-3           
3;1959;23           
3;1964;0            
3;1965;2            
3;1969;31           
3;1971;68           
3;1972;61           
3;1978;7            
3;1979;10           
3;1980;467          
3;1981;277          
3;1982;45           
3;1983;232          
3;1984;-45          
3;1985;-26          
3;1986;0            
3;1987;-9           
3;1988;1            
3;1990;19           
3;1991;0            
3;1992;15           
3;1993;0            
3;1994;1            
3;1995;0            
3;2000;0            
3;2001;0            
3;2002;0            
3;2004;0            
3;2009;-285         
3;2018;-12          
3;2019;-21          
3;2021;10           
3;2030;0            
3;2039;-1           
3;2040;6            
3;2041;0            
3;2062;8            
3;2109;5            
3;2150;118          
3;2151;160          
3;2152;97           
3;2153;1            
3;2154;-6           
3;2160;42           
3;2161;0            
3;2162;4            
3;2163;0            
3;2164;29           
3;2165;0            
3;2166;0            
3;2167;28           
3;2170;19           
3;2171;0            
3;2201;0            
3;2202;0            
3;2204;0            
3;2206;0            
3;2207;0            
3;2208;0            
3;2218;0            
3;2219;0            
3;2222;-25          
3;2223;0            
3;2225;0            
3;2226;5            
3;2230;-1           
3;2235;0            
3;2236;0            
3;2237;-9           
3;2238;0            
3;2240;0            
3;2242;0            
3;2245;0            
3;2246;0            
3;2247;0            
3;2260;28           
3;2261;37           
3;2262;40           
3;2263;57           
3;2264;38           
3;2265;0            
3;2266;-11          
3;2268;40           
3;2269;1            
3;2270;3            
3;2271;9            
3;2272;16           
3;2274;-1           
3;2275;0            
3;2300;5            
3;2301;2            
3;2302;4            
3;2303;-5           
3;2304;-13          
3;2305;52           
3;2310;1            
3;2311;24           
3;2318;0            
3;2320;31           
3;2322;186          
3;2324;0            
3;2325;-6           
3;2326;0            
3;2327;0            
3;2328;0            
3;2329;-9           
3;2330;20           
3;2331;12           
3;2332;195          
3;2333;101          
3;2335;-12          
3;2336;0            
3;2337;0            
3;2338;0            
3;2339;0            
3;2341;0            
3;2357;-4           
3;2425;0            
3;2431;8            
3;2432;18           
3;2441;0            
3;2442;0            
3;2443;0            
3;2450;0            
3;2453;29           
3;2455;0            
3;2456;13           
3;2457;0            
3;2458;0            
3;2459;0            
3;2460;17           
3;2461;0            
3;2462;39           
3;2463;0            
3;2464;0            
3;2465;0            
3;2466;0            
3;2467;16           
3;2468;0            
3;2469;0            
3;2471;0            
3;2472;0            
3;2473;0            
3;2474;0            
3;2476;0            
3;2480;0            
3;2481;0            
3;2482;8            
3;2483;-8           
3;2488;0            
3;2494;71           
3;2495;0            
3;2500;0            
3;2501;0            
3;2502;0            
3;2506;347          
3;2512;2            
3;2518;0            
3;2519;3            
3;2520;0            
3;2521;0            
3;2524;0            
3;2536;0            
3;2538;0            
3;2539;0            
3;2541;0            
3;2542;-9           
3;2543;0            
3;2544;-0           
3;2545;-0           
3;2546;0            
3;2547;1            
3;2550;1            
3;2551;2            
3;2553;0            
3;2554;-2           
3;2555;0            
3;2556;0            
3;2557;-19          
3;2558;1            
3;2560;0            
3;2561;0            
3;2562;0            
3;2564;0            
3;2565;0            
3;2566;0            
3;2567;0            
3;2569;0            
3;2570;0            
3;2571;-27          
3;2572;0            
3;2573;0            
3;2574;0            
3;2575;0            
3;2577;0            
3;2578;60           
3;2579;46           
3;2580;51           
3;2581;52           
3;2582;50           
3;2583;72           
3;2584;3            
3;2585;0            
3;2586;0            
3;2587;0            
3;2588;-12          
3;2589;0            
3;2590;0            
3;2591;37           
3;2592;38           
3;2593;43           
3;2594;41           
3;2595;0            
3;2596;43           
3;2597;-1           
3;2598;8            
3;2599;0            
3;2600;-65          
3;2601;-26          
3;2602;13           
3;2606;0            
3;2608;0            
3;2610;3            
3;2612;2            
3;2615;12           
3;2616;11           
3;2617;-3           
3;2618;20           
3;2619;12           
3;2620;16           
3;2661;-1           
3;2663;1            
3;2664;0            
3;2665;-1           
3;2666;-2           
3;2667;-3           
3;2671;29           
3;2672;114          
3;2673;3            
3;2674;-11          
3;2675;0            
3;2676;7            
3;2677;15           
3;2678;0            
3;2692;0            
3;2700;29           
3;2723;13           
3;2725;0            
3;2726;0            
3;2727;0            
3;2731;7            
3;2732;-5           
3;2735;4            
3;2740;0            
3;2745;0            
3;2746;0            
3;2749;12           
3;2757;0            
3;2758;1            
3;2759;0            
3;2760;0            
3;2763;0            
3;2770;0            
3;2773;-1           
3;2776;0            
3;2845;70           
3;2850;27           
3;2851;24           
3;2852;77           
3;2853;54           
3;2854;30           
3;2855;103          
3;2856;19           
3;2857;11           
3;2858;14           
3;2870;8            
3;2871;9            
3;2872;11           
3;2873;6            
3;2874;9            
3;2875;0            
3;2876;0            
3;2877;0            
3;2878;3            
3;2880;12           
3;2882;8            
3;2883;0            
3;2884;12           
3;2885;1            
3;2890;0            
3;3000;4            
3;3009;0            
3;3010;0            
3;3011;0            
3;3012;0            
3;3013;0            
3;3014;0            
3;3015;0            
3;3016;0            
3;3017;0            
3;3018;0            
3;3019;0            
3;3020;0            
3;3021;0            
3;3022;0            
3;3023;0            
3;3037;30           
3;3039;4            
3;3100;0            
3;3101;106          
3;3102;8            
3;3103;48           
3;3105;-11          
3;3106;93           
3;3107;-24          
3;3110;0            
3;3112;0            
3;3113;0            
3;3122;0            
3;3201;93           
3;3202;18           
3;3203;0            
3;3204;0            
3;3206;87           
3;3208;0            
3;3210;4            
3;3211;1            
3;3212;0            
3;3214;-70          
3;3215;4            
3;3216;0            
3;3217;0            
3;3218;1            
3;3220;0            
3;3221;2            
3;3230;0            
3;3231;0            
3;3232;0            
3;3233;1            
3;3234;2            
3;3235;9            
3;3250;0            
3;3251;7            
3;3252;0            
3;3255;90           
3;3256;-117         
3;3257;-27          
3;3258;-22          
3;3259;-2           
3;3260;0            
3;3261;65           
3;3342;0            
3;3345;-450         
3;3499;0            
3;3500;0            
3;3501;0            
3;3503;61           
3;3505;0            
3;3510;51           
3;3511;37           
3;3512;0            
3;3513;87           
3;3514;-3           
3;3515;25           
3;3516;0            
3;3517;40           
3;3518;3            
3;3521;13           
3;3522;56           
3;3523;0            
3;3524;16           
3;3582;0            
3;3583;0            
3;3584;6            
3;3585;6            
3;3586;6            
3;3587;0            
3;3588;10           
3;3589;1            
3;3590;0            
3;3592;0            
3;3593;0            
3;3594;0            
3;3595;0            
3;3598;8            
3;3599;11           
3;3600;46           
3;3601;0            
3;3602;0            
3;3603;0            
3;3604;0            
3;3605;-157         
3;3606;-93          
3;3607;0            
3;3608;0            
3;3609;8            
3;3610;6            
3;3611;0            
3;3612;0            
3;3613;0            
3;3614;18           
3;3615;0            
3;3616;0            
3;3617;0            
3;3618;-1           
3;3619;5            
3;3620;0            
3;3622;0            
3;3623;211          
3;3624;6            
3;3625;1            
3;3699;17           
3;3700;75           
3;3701;38           
3;3702;40           
3;3703;25           
3;3704;54           
3;3705;9            
3;3706;35           
3;3707;48           
3;3708;46           
3;3709;0            
3;3710;9            
3;3711;1            
3;3712;-26          
3;3715;105          
3;3716;2            
3;3717;3            
3;3718;18           
3;3720;10           
3;3721;0            
3;3722;42           
3;3800;449          
3;3801;13           
3;3802;2            
3;3803;0            
3;3804;14           
3;3805;0            
3;3806;28           
3;3807;13           
3;3808;7            
3;3809;30           
3;3810;5            
3;3812;1            
3;3815;86           
3;3816;0            
3;3820;116          
3;3822;-1           
3;3823;44           
3;3824;42           
3;3825;84           
3;3826;0            
3;3827;0            
3;3830;16           
3;3840;27           
3;3841;50           
3;3842;32           
3;3843;22           
3;3844;0            
3;3845;8            
3;3846;20           
3;3847;21           
3;3848;19           
3;3849;25           
3;3850;34           
3;3851;2            
3;3905;-13          
3;3917;-4           
3;3929;0            
3;3930;0            
3;3931;0            
3;3932;0            
3;4000;-9           
3;4009;1            
3;4011;-22          
3;4137;5            
3;4138;4            
3;4160;10           
3;4162;0            
3;4163;-2           
3;4165;11           
3;4166;8            
3;4190;0            
3;4203;0            
3;4204;0            
3;4209;0            
3;4210;0            
3;4211;0            
3;4213;0            
3;4215;0            
3;4216;0            
3;4221;24           
3;4223;0            
3;4225;17           
3;4226;13           
3;4228;-1           
3;4229;-9           
3;4231;0            
3;4232;0            
3;4235;-1           
3;4236;0            
3;4238;0            
3;4239;0            
3;4240;17           
3;4241;-11          
3;4242;55           
3;4243;52           
3;4244;40           
3;4245;78           
3;4246;17           
3;4247;40           
3;4248;63           
3;4250;0            
3;4251;42           
3;4252;69           
3;4253;0            
3;4254;6            
3;4258;0            
3;4260;-517         
3;4261;26           
3;4262;5            
3;4263;4            
3;4264;4            
3;4265;6            
3;4266;-13          
3;4267;22           
3;4268;1            
3;4270;0            
3;4271;0            
3;4272;0            
3;4273;0            
3;4274;0            
3;4277;2            
3;4280;20           
3;4281;0            
3;4283;0            
3;4285;-7           
3;4286;1            
3;4288;0            
3;4289;0            
3;4290;113          
3;4291;92           
3;4292;189          
3;4293;114          
3;4294;-11          
3;4330;100          
3;4331;54           
3;4332;124          
3;4333;1            
3;4334;-2           
3;4335;0            
3;4337;7            
3;4348;10           
3;4349;10           
3;4350;0            
3;4351;70           
3;4352;0            
3;4353;0            
3;4354;47           
3;4355;53           
3;4356;32           
3;4357;9            
3;4358;13           
3;4359;0            
3;4361;6            
3;4362;4            
3;4364;0            
3;4365;11           
3;4366;8            
3;4367;11           
3;4368;4            
3;4369;12           
3;4370;10           
3;4371;21           
3;4372;2            
3;4373;1            
3;4374;13           
3;4375;14           
3;4376;17           
3;4378;15           
3;4381;56           
3;4382;20           
3;4401;0            
3;4403;0            
3;4404;8            
3;4405;8            
3;4406;16           
3;4407;6            
3;4411;0            
3;4413;0            
3;4414;16           
3;4415;9            
3;4416;0            
3;4418;0            
3;4420;25           
3;4421;2            
3;4422;0            
3;4424;0            
3;4425;16           
3;4426;-21          
3;4427;12           
3;4428;25           
3;4429;4            
3;4430;3            
3;4431;0            
3;4432;0            
3;4433;0            
3;4434;0            
3;4435;0            
3;4436;0            
3;4437;0            
3;4438;0            
3;4439;0            
3;4440;0            
3;4441;0            
3;4442;-14          
3;4443;0            
3;4444;0            
3;4445;50           
3;4446;0            
3;4447;0            
3;4448;0            
3;4449;-5           
3;4450;0            
3;4451;0            
3;4452;0            
3;4454;0            
3;4455;0            
3;4458;0            
3;4459;0            
3;4460;0            
3;4461;0            
3;4462;0            
3;4463;5            
3;4464;0            
3;4465;0            
3;4466;0            
3;4467;0            
3;4468;0            
3;4492;3            
3;4500;35           
3;4501;28           
3;4504;24           
3;4505;46           
3;4514;3            
3;4515;-2           
3;4518;0            
3;4519;1            
3;4526;0            
3;4551;0            
3;4557;0            
3;4558;0            
3;4661;0            
3;4662;1            
3;4663;0            
3;4666;-6           
3;4667;-3           
3;4668;72           
3;4669;28           
3;4701;0            
3;4750;20           
3;4755;5            
3;4758;3            
3;4760;0            
3;4764;0            
3;4767;0            
3;4788;0            
3;4791;0            
3;4792;0            
3;4795;0            
3;4804;0            
3;4850;9            
3;4851;12           
3;4852;26           
3;4853;20           
3;4900;23           
3;4901;-2           
3;4902;0            
3;4903;4            
3;4904;28           
3;4905;-5           
3;4906;25           
3;4907;26           
3;4908;102          
3;4909;15           
3;4910;4            
3;4911;23           
3;4912;27           
3;4913;56           
3;4914;37           
3;4915;24           
3;4916;0            
3;4917;0            
3;4918;0            
3;4919;0            
3;4920;0            
3;4921;6            
3;4922;1            
3;4927;10           
3;4932;0            
3;5000;0            
3;5001;0            
3;5002;0            
3;5003;0            
3;5004;0            
3;5005;0            
3;5006;0            
3;5008;0            
3;5015;0            
3;5016;0            
3;5017;0            
3;5018;0            
3;5019;0            
3;5020;1            
3;5021;0            
3;5022;0            
3;5023;0            
3;5024;1            
3;5025;0            
3;5026;1            
3;5101;-32          
3;5102;15           
3;5103;4            
3;5104;37           
3;5105;-2           
3;5106;-20          
3;5107;-10          
3;5108;0            
3;5109;51           
3;5110;21           
3;5111;45           
3;5112;15           
3;5113;0            
3;5114;0            
3;5115;0            
3;5117;0            
3;5199;0            
3;5200;0            
3;5201;0            
3;5203;0            
3;5204;0            
3;5205;0            
3;5210;3            
3;5211;64           
3;5212;55           
3;5213;35           
3;5214;55           
3;5301;9            
3;5302;0            
3;5303;8            
3;5304;0            
3;5305;1            
3;5306;1            
3;5307;8            
3;5308;4            
3;5309;0            
3;5310;0            
3;5311;5            
3;5312;11           
3;5313;4            
3;5314;1            
3;5315;12           
3;5316;0            
3;5317;0            
3;5319;12           
3;5320;0            
3;5325;-5           
3;5326;0            
3;5327;3            
3;5328;0            
3;5329;0            
3;5330;-1           
3;5331;2            
3;5341;0            
3;5343;0            
3;5344;0            
3;5345;0            
3;5346;0            
3;5347;0            
3;5348;0            
3;5349;21           
3;5350;3            
3;5351;0            
3;5352;0            
3;5353;0            
3;5354;4            
3;5355;4            
3;5356;2            
3;5357;0            
3;5358;1            
3;5360;0            
3;5361;0            
3;5362;0            
3;5363;0            
3;5364;0            
3;5365;13           
3;5366;0            
3;5367;0            
3;5368;0            
3;5369;0            
3;5370;0            
3;5371;0            
3;5372;0            
3;5373;0            
3;5374;0            
3;5375;0            
3;5376;0            
3;5377;0            
3;5378;0            
3;5379;3            
3;5380;6            
3;5381;0            
3;5382;0            
3;5383;0            
3;5384;0            
3;5385;0            
3;5386;5            
3;5387;0            
3;5388;0            
3;5389;14           
3;5390;0            
3;5391;0            
3;5392;0            
3;5515;0            
3;5580;0            
3;5701;0            
3;5707;0            
3;5708;0            
3;5710;3            
3;5711;-3           
3;5718;2            
3;5719;-0           
3;5750;0            
3;5751;0            
3;5752;0            
3;5753;0            
3;5756;4            
3;5757;0            
3;5758;0            
3;5759;0            
3;5760;1            
3;5765;0            
3;5766;0            
3;5780;36           
3;5781;25           
3;5782;4            
3;5783;10           
3;5784;38           
3;5785;13           
3;5786;0            
3;5787;16           
3;5788;14           
3;5789;0            
3;5790;66           
3;5900;21           
3;5901;11           
3;5905;0            
3;5906;0            
3;5910;0            
3;5911;0            
3;5916;0            
3;5918;0            
3;5920;0            
3;5922;233          
3;5923;0            
3;5924;0            
3;5925;0            
3;5926;-41          
3;5927;-1           
3;5928;13           
3;5930;100          
3;5931;96           
3;5932;-5           
3;5933;0            
3;5940;0            
3;5941;0            
3;5942;0            
3;5943;0            
3;5950;-67          
3;5951;17           
3;5952;12           
3;5969;9            
3;5970;0            
3;5971;3            
3;5972;20           
3;5973;7            
3;6000;0            
3;6001;4            
3;6002;7            
3;6003;7            
3;6004;-9           
3;6005;5            
3;6007;-19          
3;6008;5            
3;6009;0            
3;6010;84           
3;6011;127          
3;6012;4            
3;6013;114          
3;6017;0            
3;6018;10           
3;6019;-12          
3;6020;1            
3;6021;0            
3;6022;0            
3;6023;5            
3;6025;0            
3;6031;0            
3;6040;3            
3;6041;0            
3;6042;8            
3;6043;23           
3;6044;0            
3;6045;-13          
3;6047;0            
3;6048;-1           
3;6049;0            
3;6050;0            
3;6051;0            
3;6052;0            
3;6055;-2           
3;6056;0            
3;6058;2            
3;6059;8            
3;6060;4            
3;6061;0            
3;6062;2            
3;6063;-2           
3;6064;2            
3;6066;14           
3;6070;22           
3;6071;20           
3;6072;29           
3;6073;7            
3;6075;13           
3;6076;12           
3;6077;10           
3;6078;16           
3;6080;9            
3;6081;11           
3;6082;12           
3;6101;203          
3;6102;159          
3;6103;18           
3;6104;189          
3;6105;-5           
3;6110;300          
3;6111;470          
3;6112;279          
3;6113;153          
3;6114;307          
3;6115;330          
3;6116;0            
3;6118;0            
3;6119;0            
3;6120;-17          
3;6121;106          
3;6122;37           
3;6123;24           
3;6124;37           
3;6125;-12          
3;6126;15           
3;6127;-84          
3;6128;3            
3;6129;-91          
3;6130;82           
3;6131;-8           
3;6133;3            
3;6134;0            
3;6135;0            
3;6139;0            
3;6140;-37          
3;6141;-35          
3;6142;-113         
3;6143;-5           
3;6144;-132         
3;6145;-35          
3;6146;-3           
3;6150;-31          
3;6151;0            
3;6152;0            
3;6153;0            
3;6155;0            
3;6157;11           
3;6158;4            
3;6159;3            
3;6160;0            
3;6165;2            
3;6166;0            
3;6201;4            
3;6202;31           
3;6208;32           
3;6209;34           
3;6210;19           
3;6211;0            
3;6221;0            
3;6224;0            
3;6232;0            
3;6298;25           
3;6299;438          
3;6300;6            
3;6301;-36          
3;6303;5            
3;6305;0            
3;6306;0            
3;6309;134          
3;6310;4            
3;6312;0            
3;6316;37           
3;6319;32           
3;6320;42           
3;6321;35           
3;6323;16           
3;6324;0            
3;6325;12           
3;6327;0            
3;6330;117          
3;6331;193          
3;6332;2            
3;6333;0            
3;6334;0            
3;6335;0            
3;6343;0            
3;6346;8            
3;6347;0            
3;6348;-216         
3;6349;4            
3;6350;-4           
3;6351;1            
3;6352;0            
3;6353;0            
3;6354;0            
3;6356;-1           
3;6357;0            
3;6358;1            
3;6359;16           
3;6360;9            
3;6361;7            
3;6362;12           
3;6363;0            
3;6365;9            
3;6366;0            
3;6367;0            
3;6368;0            
3;6370;0            
3;6371;0            
3;6372;0            
3;6373;2            
3;6374;0            
3;6375;0            
3;6378;0            
3;6380;0            
3;6385;0            
3;6386;0            
3;6390;0            
3;6391;0            
3;6393;6            
3;6394;0            
3;6396;5            
3;6397;0            
3;6400;0            
3;6402;0            
3;6403;0            
3;6404;0            
3;6430;3            
3;6431;0            
3;6432;0            
3;6440;0            
3;6450;0            
3;6455;0            
3;6460;-6           
3;6465;0            
3;6466;0            
3;6470;0            
3;6486;0            
3;6489;0            
3;6490;0            
3;6491;0            
3;6494;0            
3;6495;0            
3;6496;5            
3;6500;0            
3;6501;0            
3;6502;0            
3;6503;0            
3;6504;0            
3;6505;0            
3;6506;0            
3;6514;10           
3;6515;1            
3;6550;13           
3;6552;0            
3;6600;0            
3;6601;0            
3;6602;0            
3;6603;0            
3;6604;0            
3;6605;0            
3;6606;0            
3;6607;0            
3;6620;0            
3;6621;0            
3;6622;0            
3;6623;0            
3;6624;0            
3;6640;0            
3;6641;0            
3;6642;0            
3;6643;8            
3;6644;0            
3;6645;0            
3;6879;-9           
3;6880;19           
3;6881;14           
3;6882;18           
3;6883;13           
3;6885;6            
3;6886;9            
3;6887;15           
3;6888;7            
3;6890;0            
3;6998;-2           
3;7000;-12          
3;7001;0            
3;7006;-1           
3;7007;0            
3;7020;0            
3;7021;0            
3;7022;0            
3;7023;0            
3;7024;0            
3;7040;0            
3;7041;0            
3;7042;0            
3;7043;0            
3;7044;0            
3;7045;0            
3;7046;0            
3;7048;0            
3;7050;7            
3;7051;0            
3;7052;0            
3;7080;16           
3;7081;17           
3;7089;8            
3;7090;0            
3;7091;0            
3;7092;6            
3;7093;52           
3;7094;3            
3;7095;0            
3;7096;12           
3;7097;10           
3;7100;34           
3;7101;0            
3;7102;16           
3;7104;35           
3;7106;47           
3;7116;27           
3;7117;58           
3;7118;106          
3;7150;0            
3;7151;0            
3;7152;0            
3;7153;0            
3;7200;0            
3;7201;0            
3;7202;0            
3;7209;0            
3;7211;0            
3;7212;18           
3;7213;21           
3;7214;5            
3;7215;27           
3;7218;10           
3;7219;7            
3;7230;0            
3;7231;-1           
3;7240;0            
3;7241;0            
3;7242;0            
3;7250;10           
3;7255;1            
3;7256;0            
3;7257;0            
3;7258;0            
3;7260;20           
3;7261;0            
3;7262;0            
3;7263;0            
3;7266;0            
3;7300;0            
3;7301;25           
3;7305;0            
3;7307;0            
3;7310;18           
3;7311;2            
3;7312;-1           
3;7313;0            
3;7315;24           
3;7320;0            
3;7321;0            
3;7325;0            
3;7330;9            
3;7331;0            
3;7335;0            
3;7336;0            
3;7340;-95          
3;7341;9            
3;7342;16           
3;7344;66           
3;7345;26           
3;7346;0            
3;7347;-2           
3;7348;-4           
3;7349;8            
3;7350;12           
3;7351;8            
3;7352;10           
3;7353;7            
3;7355;7            
3;7357;525          
3;7358;0            
3;7359;-91          
3;7360;0            
3;7361;0            
3;7362;-6           
3;7363;0            
3;7365;0            
3;7366;0            
3;7367;-8           
3;7368;-17          
3;7369;0            
3;7370;0            
3;7389;4            
3;7390;0            
3;7391;3            
3;7400;0            
3;7401;0            
3;7402;0            
3;7403;-19          
3;7410;0            
3;7411;-1           
3;7412;4            
3;7413;0            
3;7414;0            
3;7415;0            
3;7416;0            
3;7417;0            
3;7418;0            
3;7419;0            
3;7430;29           
3;7431;27           
3;7432;33           
3;7433;15           
3;7434;20           
3;7490;0            
3;7491;0            
3;7501;1            
3;7502;0            
3;7503;2            
3;7504;1            
3;7505;0            
3;7510;0            
3;7511;1            
3;7512;2            
3;7513;0            
3;7530;2            
3;7533;3            
3;7534;12           
3;7540;3            
3;7541;4            
3;7542;0            
3;7543;0            
3;7550;0            
3;7551;0            
3;7552;0            
3;7560;0            
3;7561;0            
3;7562;0            
3;7570;0            
3;7571;3            
3;7572;0            
3;7580;2            
3;7581;0            
3;7582;112          
3;7583;-1           
3;7590;0            
3;7591;0            
3;7592;0            
3;7600;0            
3;7601;-1           
3;7630;0            
3;7631;0            
3;7632;0            
3;7633;0            
3;7634;0            
3;7670;-2           
3;7671;26           
3;7700;0            
3;7701;0            
3;7702;0            
3;7703;2            
3;7705;0            
3;7706;0            
3;7707;0            
3;7708;0            
3;7710;0            
3;7711;0            
3;7715;0            
3;7716;0            
3;7717;0            
3;7718;1            
3;7719;0            
3;7720;0            
3;7721;0            
3;7730;3            
3;7731;-2           
3;7735;0            
3;7800;0            
3;7801;0            
3;7802;0            
3;7803;0            
3;7804;0            
3;7809;0            
3;7810;0            
3;7811;6            
3;7813;0            
3;7814;1            
3;7815;-1           
3;7816;0            
3;7822;3            
3;7824;5            
3;7825;0            
3;7830;0            
3;7831;0            
3;7832;0            
3;7836;1            
3;7840;0            
3;7841;0            
3;7842;5            
3;7843;0            
3;7844;0            
3;7845;0            
3;7846;0            
3;7850;0            
3;7851;0            
3;7853;0            
3;7854;0            
3;7855;0            
3;7900;0            
3;7901;2            
3;7902;0            
3;7903;0            
3;7904;0            
3;7905;-15          
3;7910;0            
3;7911;-16          
3;7912;0            
3;7913;0            
3;7914;24           
3;7915;0            
3;7916;-16          
3;7917;-21          
3;7920;0            
3;7921;0            
3;7922;0            
3;7925;-15          
3;7930;-6           
3;7931;-1           
3;7932;-4           
3;7938;9            
3;7950;0            
3;7951;0            
3;7955;1            
3;7956;-20          
3;7957;1            
3;7958;0            
3;7959;0            
3;7960;0            
3;7970;0            
3;7971;0            
3;7980;12           
3;7981;6            
3;7982;2            
3;7983;-5           
3;7985;3            
3;7986;3            
3;7987;9            
3;7988;0            
3;7989;2            
3;7990;1            
3;7991;-11          
3;7992;0            
3;7993;0            
3;7994;0            
3;7995;0            
3;7996;0            
3;7997;0            
3;8000;0            
3;8005;1            
3;8008;0            
3;8009;0            
3;8010;-0           
3;8011;-18          
3;8020;-0           
3;8025;0            
3;8031;19           
3;8032;0            
3;8039;-5           
3;8040;1            
3;8041;-0           
3;8043;-0           
3;8044;1            
3;8050;0            
3;8051;0            
3;8052;0            
3;8053;0            
3;8054;0            
3;8055;1            
3;8056;-2           
3;8057;-1           
3;8058;-1           
3;8059;9            
3;8060;0            
3;8061;0            
3;8062;0            
3;8063;0            
3;8064;0            
3;8065;0            
3;8066;0            
3;8067;0            
3;8068;0            
3;8069;0            
3;8070;0            
3;8071;0            
3;8072;0            
3;8073;-0           
3;8074;0            
3;8075;0            
3;8076;0            
3;8077;-4           
3;8078;-1           
3;8079;-19          
3;8080;0            
3;8081;-3           
3;8083;-1           
3;8084;0            
3;8085;0            
3;8087;0            
3;8090;0            
3;8095;-0           
3;8098;0            
3;8099;0            
3;8101;0            
3;8102;0            
3;8103;11           
3;8104;2            
3;8105;-3           
3;8106;10           
3;8109;16           
3;8112;0            
3;8113;360          
3;8114;-1           
3;8115;-1           
3;8116;-28          
3;8117;-10          
3;8118;-6           
3;8119;159          
3;8120;88           
3;8130;-2           
3;8131;-0           
3;8132;0            
3;8133;0            
3;8135;12           
3;8136;0            
3;8137;0            
3;8138;0            
3;8139;0            
3;8140;5            
3;8141;5            
3;8142;6            
3;8143;4            
3;8144;-5           
3;8145;-17          
3;8146;1            
3;8147;-2           
3;8150;0            
3;8152;0            
3;8153;1            
3;8157;0            
3;8160;0            
3;8162;1            
3;8163;10           
3;8164;0            
3;8165;0            
3;8170;0            
3;8171;0            
3;8173;0            
3;8174;0            
3;8175;0            
3;8176;0            
3;8177;-3           
3;8180;0            
3;8182;0            
3;8200;0            
3;8201;0            
3;8205;0            
3;8210;0            
3;8215;-1           
3;8217;0            
3;8220;12           
3;8221;6            
3;8222;0            
3;8239;3            
3;8240;-13          
3;8241;1            
3;8242;0            
3;8250;1            
3;8251;10           
3;8252;7            
3;8255;5            
3;8260;0            
3;8261;-2           
3;8262;1            
3;8265;6            
3;8268;0            
3;8270;0            
3;8275;2            
3;8289;0            
3;8290;-26          
3;8291;-11          
3;8293;0            
3;8295;-0           
3;8296;0            
3;8297;0            
3;8298;-3           
3;8300;9            
3;8301;-4           
3;8305;-4           
3;8310;10           
3;8311;13           
3;8312;9            
3;8350;0            
3;8354;2            
3;8355;0            
3;8356;0            
3;8370;0            
3;8372;0            
3;8373;-28          
3;8375;17           
3;8389;1            
3;8390;-4           
3;8391;2            
3;8394;13           
3;8402;-24          
3;8403;-5           
3;8470;11           
3;8471;18           
3;8472;14           
3;8473;1            
3;8474;8            
3;8475;2            
3;8484;0            
3;8490;5            
3;8491;31           
3;8492;14           
3;8493;12           
3;8495;71           
3;8496;43           
3;8497;0            
3;8498;0            
3;8499;-10          
3;8500;61           
3;8501;65           
3;8502;47           
3;8510;69           
3;8511;30           
3;8512;-12          
3;8513;-2           
3;8515;0            
3;8516;-42          
3;8522;103          
3;8523;-1           
3;8524;61           
3;8525;42           
3;8530;8            
3;8531;18           
3;8532;-1           
3;8541;2            
3;8544;0            
3;8552;3            
3;8554;4            
3;8555;0            
3;8556;1            
3;8557;0            
3;8559;5            
3;8560;5            
3;8561;3            
3;8562;4            
3;8563;5            
3;8564;3            
3;8565;-1           
3;8566;8            
3;8567;2            
3;8569;2            
3;8570;2            
3;8571;0            
3;8572;10           
3;8573;5            
3;8574;5            
3;8575;2            
3;8576;3            
3;8578;4            
3;8579;2            
3;8580;0            
3;8581;65           
3;8582;0            
3;8585;-1           
3;8586;0            
3;8587;0            
3;8590;-3           
3;8591;2            
3;8596;80           
3;8597;102          
3;8598;-1           
3;8599;-23          
3;8600;5            
3;8601;0            
3;8604;4            
3;8605;4            
3;8606;3            
3;8609;-3           
3;8610;8            
3;8611;1            
3;8614;-5           
3;8615;6            
3;8616;2            
3;8620;9            
3;8621;0            
3;8626;0            
3;8649;-5           
3;8650;0            
3;8652;1            
3;8654;-2           
3;8658;-323         
3;8659;-282         
3;8660;0            
3;8661;0            
3;8662;0            
3;8663;0            
3;8664;0            
3;8665;0            
3;8666;0            
3;8667;0            
3;8669;0            
3;8670;0            
3;8673;0            
3;8731;-4           
3;8770;0            
3;9004;0            
3;9007;0            
3;9023;0            
3;9044;182          
3;9225;174          
3;9227;22           
3;9228;-1           
3;9232;0            
3;9233;123          
3;9236;0            
3;9500;0            
3;9501;0            
3;9502;0            
3;9503;0            
3;9504;0            
3;9510;0            
3;9511;0            
3;9512;5            
3;9513;1            
3;9524;0            
3;9526;0            
3;9527;0            
3;9528;0            
3;9600;56           
3;9601;120          
3;9602;88           
3;9603;40           
3;9604;22           
3;9605;42           
3;9606;40           
3;9607;56           
3;9608;36           
3;9609;48           
3;9610;16           
3;9611;36           
3;9612;40           
3;9613;36           
3;9615;88           
3;9616;0            
3;9620;74           
3;9621;96           
3;9622;36           
3;9623;34           
3;9624;22           
3;9625;20           
3;9630;38           
3;9631;0            
3;9632;22           
3;9633;18           
3;9634;44           
3;9635;36           
3;9636;-116         
3;9637;20           
3;9640;30           
3;9641;20           
3;9642;26           
3;9643;20           
3;9644;30           
3;9645;34           
3;9700;3            
3;9701;3            
3;9702;-3           
3;9703;0            
3;9704;0            
3;9705;4            
3;9706;3            
3;10000;0           
3;10001;0           
3;10002;0           
3;10003;0           
3;10004;0           
3;10005;0           
3;10006;0           
3;10007;0           
3;10008;0           
3;10010;0           
3;10011;0           
3;10012;0           
3;10013;0           
3;10014;0           
3;10015;0           
3;10025;0           
3;10100;7           
3;10101;3           
3;10110;26          
3;10111;0           
3;10200;12          
3;10201;5           
3;10202;24          
3;10203;31          
3;10204;24          
3;10205;11          
3;10206;0           
3;10212;0           
3;10250;0           
3;10251;0           
3;10252;0           
3;10253;0           
3;10300;0           
3;11000;38          
3;11005;4           
3;11006;7           
3;11007;12          
3;11008;21          
3;11010;9           
3;11011;10          
3;11012;10          
3;11013;23          
3;11020;26          
3;11021;8           
3;11022;28          
3;11029;7           
3;11030;8           
3;11040;40          
3;11041;-8          
3;11042;5           
3;11043;6           
3;11044;8           
3;11045;9           
3;11046;7           
3;11047;7           
3;11048;11          
3;11049;10          
3;11050;17          
3;11051;0           
3;11055;3           
3;11056;0           
3;11057;5           
3;11058;31          
3;11060;33          
3;11095;2           
3;11096;9           
3;11097;4           
3;11098;18          
3;11099;10          
3;11100;13          
3;11101;16          
3;11102;17          
3;11103;13          
3;11104;11          
3;11105;17          
3;11106;20          
3;11107;33          
3;11108;7           
3;11109;34          
3;11110;29          
3;11111;24          
3;11114;12          
3;11115;6           
3;11116;17          
3;11118;17          
3;11119;6           
3;11120;15          
3;11121;34          
3;11122;18          
3;11123;24          
3;11124;29          
3;11125;17          
3;11126;-2          
3;11127;20          
3;11128;6           
3;11129;-18         
3;12000;0           
3;12010;0           
3;12011;0           
3;12012;0           
3;12020;0           
3;12021;0           
3;12022;0           
3;12050;0           
3;12051;0           
3;12052;0           
3;12053;0           
3;12054;0           
3;13000;0           
3;13001;0           
3;14001;0           
3;14002;6           
3;14003;11          
3;14004;0           
3;14005;24          
3;14006;17          
3;14008;3           
3;14009;0           
3;14010;9           
3;14011;-1          
3;14012;16          
3;14013;21          
3;14014;3           
3;14015;2           
3;14016;3           
3;14017;11          
3;14018;0           
3;14020;6           
3;14021;9           
3;14022;0           
3;14023;6           
3;14024;4           
3;14025;8           
3;14026;8           
3;14027;12          
3;14029;7           
3;14030;3           
3;14031;1           
3;14032;9           
3;14033;0           
3;14034;7           
3;14035;8           
3;14036;10          
3;14037;1           
3;14038;0           
3;14039;11          
3;14040;2           
3;14041;0           
3;14042;14          
3;14045;15          
3;14046;-1          
3;14047;15          
3;14050;4           
3;14051;0           
3;14052;2           
3;14060;-1          
3;14061;-8          
3;14062;0           
3;14064;0           
3;14065;32          
3;14066;0           
3;14067;-3          
3;14068;4           
3;14069;9           
3;14070;0           
3;14071;0           
3;14072;0           
3;14073;20          
3;14074;7           
3;14075;9           
3;14076;-25         
3;14077;24          
3;14080;9           
3;14081;11          
3;14082;5           
3;14083;13          
3;14084;13          
3;30012;0           
3;30110;0           
3;30120;10          
3;30121;18          
3;30122;44          
3;60107;5           
3;60108;5           
3;60109;8           
3;60112;0           
3;60113;0           
3;60114;0           
3;60118;11          
3;60119;5           
3;60120;0           
3;60121;11          
3;60122;0           
3;60123;0           
3;60124;3           
3;60125;20          
3;60126;33          
3;60127;12          
3;60128;21          
3;60129;16          
3;60130;4           
3;60131;12          
3;60132;19          
3;60133;16          
3;60134;1           
3;60135;14          
3;60136;0           
3;60137;0           
3;60138;0           
3;60139;4           
3;60140;0           
3;60141;0           
3;60142;0           
3;60143;0           
3;60144;0           
3;60145;0           
3;60146;2           
3;60147;2           
3;60148;0           
3;60149;6           
3;60150;0           
3;60151;10          
3;60152;0           
3;60153;0           
3;60154;0           
3;60155;0           
3;60156;0           
3;60157;0           
3;60158;7           
3;60159;3           
3;60160;0           
3;60161;21          
3;60162;32          
3;60163;44          
3;60164;12          
